10 9
218 11 0 196 11 0 196 11 0 196 11 0 196 11 0 196 11 0 196 11 0 196 11 0 191 11 0 
179 11 0 4 11 0 4 11 0 4 11 0 4 11 0 4 11 0 4 11 0 4 11 0 179 11 0 
179 11 0 4 11 0 4 11 0 4 11 0 4 11 0 4 11 0 4 11 0 4 11 0 179 11 0 
179 11 0 4 11 0 4 11 0 4 11 0 4 11 0 4 11 0 4 11 0 4 11 0 179 11 0 
179 11 0 4 11 0 4 11 0 4 11 0 4 11 0 4 11 0 4 11 0 4 11 0 179 11 0 
179 11 0 4 11 0 4 11 0 4 11 0 4 11 0 4 11 0 4 11 0 4 11 0 179 11 0 
179 11 0 4 11 0 4 11 0 4 11 0 4 11 0 4 11 0 4 11 0 4 11 0 179 11 0 
179 11 0 4 11 0 4 11 0 4 11 0 4 11 0 4 11 0 4 11 0 4 11 0 179 11 0 
179 11 0 4 11 0 4 11 0 4 11 0 4 11 0 4 11 0 4 11 0 4 11 0 179 11 0 
192 11 0 196 11 0 196 11 0 196 11 0 196 11 0 196 11 0 196 11 0 196 11 0 217 11 0 
