10 9
224 14 0 224 14 0 224 14 0 224 14 0 224 14 0 224 14 0 224 14 0 224 14 0 224 14 0 
224 14 0 65 14 0 32 0 0 32 0 0 32 0 0 32 0 0 32 0 0 65 14 0 224 14 0 
224 14 0 32 0 0 32 0 0 32 0 0 32 0 0 32 0 0 32 0 0 32 0 0 224 14 0 
224 14 0 32 0 0 32 0 0 32 0 0 32 0 0 32 0 0 32 0 0 32 0 0 224 14 0 
224 14 0 32 0 0 65 14 0 32 0 0 67 14 0 32 0 0 69 14 0 32 0 0 224 14 0 
224 14 0 32 0 0 32 0 0 32 0 0 32 0 0 32 0 0 32 0 0 32 0 0 224 14 0 
224 14 0 32 0 0 32 0 0 32 0 0 32 0 0 32 0 0 32 0 0 32 0 0 224 14 0 
224 14 0 32 0 0 32 0 0 32 0 0 32 0 0 32 0 0 32 0 0 32 0 0 224 14 0 
224 14 0 65 14 0 32 14 0 32 14 0 32 14 0 32 14 0 32 14 0 65 14 0 224 14 0 
224 14 0 224 14 0 224 14 0 224 14 0 224 14 0 224 14 0 224 14 0 224 14 0 224 14 0 
