10 9
61 14 0 61 14 0 61 14 0 61 14 0 61 14 0 61 14 0 61 14 0 61 14 0 61 14 0 
61 14 0 81 14 0 32 0 0 32 0 0 32 0 0 32 0 0 32 0 0 81 14 0 61 14 0 
61 14 0 32 0 0 32 0 0 32 0 0 32 0 0 32 0 0 32 0 0 32 0 0 61 14 0 
61 14 0 32 0 0 32 0 0 32 0 0 81 14 0 32 0 0 32 0 0 32 0 0 61 14 0 
61 14 0 32 0 0 32 0 0 32 0 0 85 14 0 32 0 0 32 0 0 32 0 0 61 14 0 
61 14 0 32 0 0 32 0 0 32 0 0 69 14 0 32 0 0 32 0 0 32 0 0 61 14 0 
61 14 0 32 0 0 32 0 0 32 0 0 69 14 0 32 0 0 32 0 0 32 0 0 61 14 0 
61 14 0 32 0 0 32 0 0 32 0 0 78 14 0 32 0 0 32 0 0 32 0 0 61 14 0 
61 14 0 81 14 0 32 0 0 32 0 0 32 0 0 32 0 0 32 14 0 81 14 0 61 14 0 
61 14 0 61 14 0 61 14 0 61 14 0 61 14 0 61 14 0 61 14 0 61 14 0 61 14 0 
