10 9
42 14 0 42 14 0 42 14 0 42 14 0 42 14 0 42 14 0 42 14 0 42 14 0 42 14 0 
42 14 0 75 14 0 32 0 0 32 0 0 32 0 0 32 0 0 32 0 0 75 14 0 42 14 0 
42 14 0 32 0 0 32 0 0 32 0 0 32 0 0 32 0 0 32 0 0 32 0 0 42 14 0 
42 14 0 32 0 0 32 0 0 32 0 0 75 14 0 32 0 0 32 0 0 32 0 0 42 14 0 
42 14 0 32 0 0 32 0 0 32 0 0 73 14 0 32 0 0 32 0 0 32 0 0 42 14 0 
42 14 0 32 0 0 32 0 0 32 0 0 78 14 0 32 0 0 32 0 0 32 0 0 42 14 0 
42 14 0 32 0 0 32 0 0 32 0 0 71 14 0 32 0 0 32 0 0 32 0 0 42 14 0 
42 14 0 32 0 0 32 0 0 32 0 0 32 0 0 32 0 0 32 0 0 32 0 0 42 14 0 
42 14 0 75 14 0 32 0 0 32 0 0 32 0 0 32 0 0 32 0 0 75 14 0 42 14 0 
42 14 0 42 14 0 42 14 0 42 14 0 42 14 0 42 14 0 42 14 0 42 14 0 42 14 0 
