10 9
218 14 0 196 14 0 196 14 0 196 14 0 196 14 0 196 14 0 196 14 0 196 14 0 191 14 0 
179 14 0 55 14 0 32 0 0 32 0 0 32 0 0 32 0 0 32 0 0 55 14 0 179 14 0 
179 14 0 32 0 0 32 0 0 32 0 0 32 0 0 32 0 0 32 0 0 32 0 0 179 14 0 
179 14 0 32 0 0 32 0 0 2 14 0 2 14 0 2 14 0 32 0 0 32 0 0 179 14 0 
179 14 0 32 0 0 32 14 0 32 0 0 32 14 0 32 0 0 32 0 0 32 0 0 179 14 0 
179 14 0 32 0 0 83 14 0 69 14 0 86 14 0 69 14 0 78 14 0 32 0 0 179 14 0 
179 14 0 32 0 0 2 14 0 2 14 0 2 14 0 2 14 0 32 0 0 32 0 0 179 14 0 
179 14 0 32 0 0 32 0 0 32 0 0 32 0 0 32 0 0 32 0 0 32 0 0 179 14 0 
179 14 0 55 14 0 32 0 0 32 0 0 32 0 0 32 0 0 32 0 0 55 14 0 179 14 0 
192 14 0 196 14 0 196 14 0 196 14 0 196 14 0 196 14 0 196 14 0 196 14 0 217 14 0 
