10 9
218 14 0 196 14 0 196 14 0 196 14 0 196 14 0 196 14 0 196 14 0 196 14 0 191 14 0 
179 14 0 52 14 0 32 0 0 32 0 0 32 0 0 32 0 0 32 0 0 52 14 0 179 14 0 
179 14 0 32 0 0 32 0 0 32 0 0 32 0 0 32 0 0 32 0 0 32 0 0 179 14 0 
179 14 0 32 0 0 32 0 0 2 14 0 32 14 0 2 14 0 32 0 0 32 0 0 179 14 0 
179 14 0 32 14 0 70 14 0 79 14 0 85 14 0 82 14 0 32 0 0 32 0 0 179 14 0 
179 14 0 32 0 0 32 0 0 2 14 0 32 0 0 2 14 0 32 0 0 32 0 0 179 14 0 
179 14 0 32 0 0 32 0 0 32 0 0 32 0 0 32 0 0 32 0 0 32 0 0 179 14 0 
179 14 0 32 0 0 32 0 0 32 0 0 32 0 0 32 0 0 32 0 0 32 0 0 179 14 0 
179 14 0 52 14 0 32 14 0 32 14 0 32 14 0 32 14 0 32 14 0 52 14 0 179 14 0 
192 14 0 196 14 0 196 14 0 196 14 0 196 14 0 196 14 0 196 14 0 196 14 0 217 14 0 
