10 9
6 14 0 6 14 0 6 14 0 6 14 0 6 14 0 6 14 0 6 14 0 6 14 0 6 14 0 
6 14 0 74 14 0 32 15 0 32 15 0 32 15 0 32 15 0 32 15 0 74 14 0 6 14 0 
6 14 0 32 15 0 32 15 0 32 15 0 32 15 0 32 15 0 32 15 0 32 15 0 6 14 0 
6 14 0 32 15 0 32 15 0 32 15 0 32 15 0 32 15 0 32 15 0 32 15 0 6 14 0 
6 14 0 32 15 0 74 14 0 65 14 0 67 14 0 75 14 0 32 15 0 32 15 0 6 14 0 
6 14 0 32 15 0 32 15 0 32 15 0 32 15 0 32 15 0 32 15 0 32 15 0 6 14 0 
6 14 0 32 15 0 32 15 0 32 15 0 32 15 0 32 15 0 32 15 0 32 15 0 6 14 0 
6 14 0 32 15 0 32 15 0 32 15 0 32 15 0 32 15 0 32 15 0 32 15 0 6 14 0 
6 14 0 74 14 0 32 15 0 32 15 0 32 15 0 32 15 0 32 15 0 74 14 0 6 14 0 
6 14 0 6 14 0 6 14 0 6 14 0 6 14 0 6 14 0 6 14 0 6 14 0 6 14 0 
