10 9
218 14 0 196 14 0 196 14 0 196 14 0 196 14 0 196 14 0 196 14 0 196 14 0 191 14 0 
179 14 0 57 14 0 32 0 0 32 0 0 32 0 0 32 0 0 32 0 0 57 14 0 179 14 0 
179 14 0 32 0 0 32 0 0 2 14 0 2 14 0 2 14 0 32 0 0 32 0 0 179 14 0 
179 14 0 32 0 0 32 0 0 32 0 0 78 14 0 32 0 0 32 0 0 32 0 0 179 14 0 
179 14 0 32 0 0 2 14 0 32 0 0 73 14 0 32 0 0 2 14 0 32 0 0 179 14 0 
179 14 0 32 0 0 32 0 0 32 0 0 78 14 0 32 0 0 32 0 0 32 0 0 179 14 0 
179 14 0 32 0 0 32 0 0 32 0 0 69 14 0 32 0 0 32 0 0 32 0 0 179 14 0 
179 14 0 32 0 0 32 0 0 2 14 0 2 14 0 2 14 0 32 0 0 32 0 0 179 14 0 
179 14 0 57 14 0 32 0 0 32 0 0 2 14 0 32 0 0 32 0 0 57 14 0 179 14 0 
192 14 0 196 14 0 196 14 0 196 14 0 196 14 0 196 14 0 196 14 0 196 14 0 217 14 0 
